1999,2451258.574720046
1998,2450893.3300417867
1997,2450528.0804342194
1996,2450162.8359693456
1995,2449797.5938553778
1994,2449432.353835414
1993,2449067.1121512596
1992,2448701.8679377227
1991,2448336.6267340668
1990,2447971.389210281
1989,2447606.145096369
1988,2447240.9021417275
1987,2446875.6620661616
1986,2446510.4188417247
1985,2446145.1772427494
1984,2445779.934065281
1983,2445414.6942694094
1982,2445049.456313875
1981,2444684.2105914108
1980,2444318.965958402
1979,2443953.7236456745
1978,2443588.482425709
1977,2443223.2382369405
1976,2442857.9934031586
1975,2442492.748563
1974,2442127.504901826
1973,2441762.2593154353
1972,2441397.0148631474
1971,2441031.7770786607
1970,2440666.539635784
1969,2440301.2977966242
1968,2439936.057909935
1967,2439570.817307105
1966,2439205.5791959725
1965,2438840.3366644504
1964,2438475.090582169
1963,2438109.8474315153
1962,2437744.6039741766
1961,2437379.356422783
1960,2437014.1130067674
1959,2436648.8719394836
1958,2436283.62942476
1957,2435918.386716289
1956,2435553.1395242065
1955,2435187.8992717955
1954,2434822.6627069926
1953,2434457.4171514427
1952,2434092.177026831
1951,2433726.9349402236
1950,2433361.691376522
1949,2432996.450457013
1948,2432631.2058381354
1947,2432265.967687778
1946,2431900.731094893
1945,2431535.4847401683
1944,2431170.2425142904
1943,2430805.001878342
1942,2430439.7580434345
1941,2430074.5139516727
1940,2429709.267060457
1939,2429344.0198082584
1938,2428978.7801368358
1937,2428613.5317799905
1936,2428248.290251303
1935,2427883.0547333546
1934,2427517.8111731065
1933,2427152.5720879785
1932,2426787.328857222
1931,2426422.0876717847
1930,2426056.854384153
1929,2425691.6075335
1928,2425326.3648792864
1927,2424961.1244537975
1926,2424595.876307082
1925,2424230.6335611185
1924,2423865.3888852503
1923,2423500.145489616
1922,2423134.9086495307
1921,2422769.661200289
1920,2422404.416289908
1919,2422039.1802458777
1918,2421673.934893346
1917,2421308.692440003
1916,2420943.4497239194
1915,2420578.2020210684
1914,2420212.966110409
1913,2419847.7208332075
1912,2419482.478923875
1911,2419117.2466118657
1910,2418752.002047227
1909,2418386.759484785
1908,2418021.5185314436
1907,2417656.2730035568
1906,2417291.036581462
1905,2416925.789986819
1904,2416560.5411930797
1903,2416195.301687879
1902,2415830.0535971737
1901,2415464.807663306
1900,2415099.5687226094
1899,2414734.3234734097
1898,2414369.0876122736
1897,2414003.8450234397
1896,2413638.5992346453
1895,2413273.367848007
1894,2412908.1244737403
1893,2412542.880874961
1892,2412177.640401482
1891,2411812.39185049
1890,2411447.153632852
1889,2411081.909909375
1888,2410716.6641459675
1887,2410351.429549366
1886,2409986.1850629277
1885,2409620.9374580053
1884,2409255.6969996383
1883,2408890.4513742193
1882,2408525.2111244616
1881,2408159.9682490104
1880,2407794.7179631446
1879,2407429.480379563
1878,2407064.2383104623
1877,2406698.991088069
1876,2406333.757094023
1875,2405968.5144853573
1874,2405603.2762673195
1873,2405238.036494173
1872,2404872.789456938
1871,2404507.5556533113
1870,2404142.313619923
1869,2403777.0643010493
1868,2403411.821833526
1867,2403046.5737015805
1866,2402681.3296544505
1865,2402316.087075784
1864,2401950.8407703964
1863,2401585.6040606536
1862,2401220.363371896
1861,2400855.1156047434
1860,2400489.877776583
1859,2400124.6378870117
1858,2399759.39650475
1857,2399394.156775913
1856,2399028.9089125353
1855,2398663.67031487
1854,2398298.4305460667
1853,2397933.1829728456
1852,2397567.945574346
1851,2397202.7039213683
1850,2396837.4599432196
1849,2396472.216961184
1848,2396106.970607965
1847,2395741.730859675
1846,2395376.4898137194
1845,2395011.239089877
1844,2394645.995283251
1843,2394280.7531191474
1842,2393915.508642871
1841,2393550.2693615397
1840,2393185.028548606
1839,2392819.7910129023
1838,2392454.554009583
1837,2392089.3075623806
1836,2391724.068608029
1835,2391358.830265761
1834,2390993.5859814067
1833,2390628.3420076915
1832,2390263.0944943954
1831,2389897.851858441
1830,2389532.6086734976
1829,2389167.3625885514
1828,2388802.1203997484
1827,2388436.880239784
1826,2388071.636488957
1825,2387706.3922640923
1824,2387341.152010457
1823,2386975.9128645863
1822,2386610.6732937736
1821,2386245.4278341117
1820,2385880.182733769
1819,2385514.943801233
1818,2385149.700659048
1817,2384784.4588088375
1816,2384419.219527218
1815,2384053.9794312143
1814,2383688.738643963
1813,2383323.4925504923
1812,2382958.249521594
1811,2382593.008819856
1810,2382227.764319345
1809,2381862.5154742673
1808,2381497.27029449
1807,2381132.0292295814
1806,2380766.7861106806
1805,2380401.545252995
1804,2380036.3036546684
1803,2379671.0653438107
1802,2379305.8251732513
1801,2378940.579808115
1800,2378575.3416647646
1799,2378210.104475456
1798,2377844.8606786244
1797,2377479.616588902
1796,2377114.3705157014
1795,2376749.1279962263
1794,2376383.885797838
1793,2376018.6393318786
1792,2375653.397561784
1791,2375288.1591701303
1790,2374922.9129069545
1789,2374557.6698763724
1788,2374192.428261734
1787,2373827.1862229533
1786,2373461.9459576723
1785,2373096.6964282184
1784,2372731.4538087863
1783,2372366.2170762355
1782,2372000.9734831513
1781,2371635.7347939387
1780,2371270.495420194
1779,2370905.2545347987
1778,2370540.0145961735
1777,2370174.7678442975
1776,2369809.525792042
1775,2369444.288721986
1774,2369079.040135482
1773,2368713.7926963815
1772,2368348.549005189
1771,2367983.3025842044
1770,2367618.0624268386
1769,2367252.8177311583
1768,2366887.5745573845
1767,2366522.3420441044
1766,2366157.0950027006
1765,2365791.854700297
1764,2365426.6187326945
1763,2365061.375197412
1762,2364696.135964655
1761,2364330.887967894
1760,2363965.6423596265
1759,2363600.407153288
1758,2363235.1605574503
1757,2362869.917516016
1756,2362504.6787279793
1755,2362139.4326292365
1754,2361774.189717392
1753,2361408.9448660607
1752,2361043.6993014235
1751,2360678.463916374
1750,2360313.2168536456
1749,2359947.9690025705
1748,2359582.7321148277
1747,2359217.487105816
1746,2358852.2486948348
1745,2358487.009132402
1744,2358121.7649904033
1743,2357756.5330235367
1742,2357391.2876937226
1741,2357026.0431246725
1740,2356660.8074434926
1739,2356295.5609019413
1738,2355930.315364013
1737,2355565.0686403215
1736,2355199.818574387
1735,2354834.582347892
1734,2354469.337749918
1733,2354104.0913941427
1732,2353738.8566493522
1731,2353373.6122662495
1730,2353008.3689707927
1729,2352643.130537796
1728,2352277.885323213
1727,2351912.651799048
1726,2351547.4076599223
1725,2351182.1582131386
1724,2350816.9227976063
1723,2350451.678670888
1722,2350086.435517984
1721,2349721.195454554
1720,2349355.949330264
1719,2348990.7112977197
1718,2348625.467610345
1717,2348260.2195216888
1716,2347894.9826417207
1715,2347529.738700284
1714,2347164.488893287
1713,2346799.2462571496
1712,2346433.999644542
1711,2346068.7628926765
1710,2345703.524592146
1709,2345338.2783671957
1708,2344973.045160734
1707,2344607.8045517444
1706,2344242.5583042633
1705,2343877.3209260623
1704,2343512.0755255464
1703,2343146.837120386
1702,2342781.5920216287
1701,2342416.3408271656
1700,2342051.101948916
1699,2341685.859569345
1698,2341320.612331064
1697,2340955.371456876
1696,2340590.1278186687
1695,2340224.8870678814
1694,2339859.6464687907
1693,2339494.4009973546
1692,2339129.164262701
1691,2338763.925078115
1690,2338398.6750324937
1689,2338033.433655642
1688,2337668.1919157677
1687,2337302.951983497
1686,2336937.7139827465
1685,2336572.468749866
1684,2336207.231036014
1683,2335841.9904994015
1682,2335476.7420450323
1681,2335111.500148987
1680,2334746.2569632726
1679,2334381.0128767076
1678,2334015.7666245205
1677,2333650.518814702
1676,2333285.2778887814
1675,2332920.0397012564
1674,2332554.79439795
1673,2332189.554232594
1672,2331824.315256929
1671,2331459.0747674853
1670,2331093.8351125782
1669,2330728.593103147
1668,2330363.3541792133
1667,2329998.1140190596
1666,2329632.864288272
1665,2329267.619330325
1664,2328902.3774779215
1663,2328537.13580607
1662,2328171.8921842943
1661,2327806.648394033
1660,2327441.406958225
1659,2327076.1652988596
1658,2326710.9205213375
1657,2326345.6761161443
1656,2325980.4376760437
1655,2325615.1950564305
1654,2325249.9489842216
1653,2324884.7075433466
1652,2324519.4675625507
1651,2324154.2303730464
1650,2323788.98817268
1649,2323423.7453349805
1648,2323058.50659175
1647,2322693.265329698
1646,2322328.020582528
1645,2321962.777869678
1644,2321597.536141218
1643,2321232.2902614204
1642,2320867.041546319
1641,2320501.7943995297
1640,2320136.552131275
1639,2319771.314480593
1638,2319406.0691750916
1637,2319040.829899351
1636,2318675.5920570814
1635,2318310.3504278976
1634,2317945.1107033677
1633,2317579.8673055954
1632,2317214.6280793347
1631,2316849.38772571
1630,2316484.1383815366
1629,2316118.8962789406
1628,2315753.6571833077
1627,2315388.414014259
1626,2315023.1710714144
1625,2314657.925455819
1624,2314292.6826808006
1623,2313927.443084493
1622,2313562.1955943564
1621,2313196.953674993
1620,2312831.716176845
1619,2312466.4685366917
1618,2312101.225010483
1617,2311735.9814522043
1616,2311370.740476938
1615,2311005.506277172
1614,2310640.260514826
1613,2310275.02066617
1612,2309909.785204805
1611,2309544.540246601
1610,2309179.2982675736
1609,2308814.055662092
1608,2308448.809675342
1607,2308083.5678507686
1606,2307718.3172384803
1605,2307353.0714444746
1604,2306987.836121131
1603,2306622.590576544
1602,2306257.3480708767
1601,2305892.108187549
1600,2305526.863381211
1599,2305161.6279213773
