2451258.574720046
2450893.3300417867
2450528.0804342194
2450162.8359693456
2449797.5938553778
2449432.353835414
2449067.1121512596
2448701.8679377227
2448336.6267340668
2447971.389210281
2447606.145096369
2447240.9021417275
2446875.6620661616
2446510.4188417247
2446145.1772427494
2445779.934065281
2445414.6942694094
2445049.456313875
2444684.2105914108
2444318.965958402
2443953.7236456745
2443588.482425709
2443223.2382369405
2442857.9934031586
2442492.748563
2442127.504901826
2441762.2593154353
2441397.0148631474
2441031.7770786607
2440666.539635784
2440301.2977966242
2439936.057909935
2439570.817307105
2439205.5791959725
2438840.3366644504
2438475.090582169
2438109.8474315153
2437744.6039741766
2437379.356422783
2437014.1130067674
2436648.8719394836
2436283.62942476
2435918.386716289
2435553.1395242065
2435187.8992717955
2434822.6627069926
2434457.4171514427
2434092.177026831
2433726.9349402236
2433361.691376522
2432996.450457013
2432631.2058381354
2432265.967687778
2431900.731094893
2431535.4847401683
2431170.2425142904
2430805.001878342
2430439.7580434345
2430074.5139516727
2429709.267060457
2429344.0198082584
2428978.7801368358
2428613.5317799905
2428248.290251303
2427883.0547333546
2427517.8111731065
2427152.5720879785
2426787.328857222
2426422.0876717847
2426056.854384153
2425691.6075335
2425326.3648792864
2424961.1244537975
2424595.876307082
2424230.6335611185
2423865.3888852503
2423500.145489616
2423134.9086495307
2422769.661200289
2422404.416289908
2422039.1802458777
2421673.934893346
2421308.692440003
2420943.4497239194
2420578.2020210684
2420212.966110409
2419847.7208332075
2419482.478923875
2419117.2466118657
2418752.002047227
2418386.759484785
2418021.5185314436
2417656.2730035568
2417291.036581462
2416925.789986819
2416560.5411930797
2416195.301687879
2415830.0535971737
2415464.807663306
2415099.5687226094
2414734.3234734097
2414369.0876122736
2414003.8450234397
2413638.5992346453
2413273.367848007
2412908.1244737403
2412542.880874961
2412177.640401482
2411812.39185049
2411447.153632852
2411081.909909375
2410716.6641459675
2410351.429549366
2409986.1850629277
2409620.9374580053
2409255.6969996383
2408890.4513742193
2408525.2111244616
2408159.9682490104
2407794.7179631446
2407429.480379563
2407064.2383104623
2406698.991088069
2406333.757094023
2405968.5144853573
2405603.2762673195
2405238.036494173
2404872.789456938
2404507.5556533113
2404142.313619923
2403777.0643010493
2403411.821833526
2403046.5737015805
2402681.3296544505
2402316.087075784
2401950.8407703964
2401585.6040606536
2401220.363371896
2400855.1156047434
2400489.877776583
2400124.6378870117
2399759.39650475
2399394.156775913
2399028.9089125353
2398663.67031487
2398298.4305460667
2397933.1829728456
2397567.945574346
2397202.7039213683
2396837.4599432196
2396472.216961184
2396106.970607965
2395741.730859675
2395376.4898137194
2395011.239089877
2394645.995283251
2394280.7531191474
2393915.508642871
2393550.2693615397
2393185.028548606
2392819.7910129023
2392454.554009583
2392089.3075623806
2391724.068608029
2391358.830265761
2390993.5859814067
2390628.3420076915
2390263.0944943954
2389897.851858441
2389532.6086734976
2389167.3625885514
2388802.1203997484
2388436.880239784
2388071.636488957
2387706.3922640923
2387341.152010457
2386975.9128645863
2386610.6732937736
2386245.4278341117
2385880.182733769
2385514.943801233
2385149.700659048
2384784.4588088375
2384419.219527218
2384053.9794312143
2383688.738643963
2383323.4925504923
2382958.249521594
2382593.008819856
2382227.764319345
2381862.5154742673
2381497.27029449
2381132.0292295814
2380766.7861106806
2380401.545252995
2380036.3036546684
2379671.0653438107
2379305.8251732513
2378940.579808115
2378575.3416647646
2378210.104475456
2377844.8606786244
2377479.616588902
2377114.3705157014
2376749.1279962263
2376383.885797838
2376018.6393318786
2375653.397561784
2375288.1591701303
2374922.9129069545
2374557.6698763724
2374192.428261734
2373827.1862229533
2373461.9459576723
2373096.6964282184
2372731.4538087863
2372366.2170762355
2372000.9734831513
2371635.7347939387
2371270.495420194
2370905.2545347987
2370540.0145961735
2370174.7678442975
2369809.525792042
2369444.288721986
2369079.040135482
2368713.7926963815
2368348.549005189
2367983.3025842044
2367618.0624268386
2367252.8177311583
2366887.5745573845
2366522.3420441044
2366157.0950027006
2365791.854700297
2365426.6187326945
2365061.375197412
2364696.135964655
2364330.887967894
2363965.6423596265
2363600.407153288
2363235.1605574503
2362869.917516016
2362504.6787279793
2362139.4326292365
2361774.189717392
2361408.9448660607
2361043.6993014235
2360678.463916374
2360313.2168536456
2359947.9690025705
2359582.7321148277
2359217.487105816
2358852.2486948348
2358487.009132402
2358121.7649904033
2357756.5330235367
2357391.2876937226
2357026.0431246725
2356660.8074434926
2356295.5609019413
2355930.315364013
2355565.0686403215
2355199.818574387
2354834.582347892
2354469.337749918
2354104.0913941427
2353738.8566493522
2353373.6122662495
2353008.3689707927
2352643.130537796
2352277.885323213
2351912.651799048
2351547.4076599223
2351182.1582131386
2350816.9227976063
2350451.678670888
2350086.435517984
2349721.195454554
2349355.949330264
2348990.7112977197
2348625.467610345
2348260.2195216888
2347894.9826417207
2347529.738700284
2347164.488893287
2346799.2462571496
2346433.999644542
2346068.7628926765
2345703.524592146
2345338.2783671957
2344973.045160734
2344607.8045517444
2344242.5583042633
2343877.3209260623
2343512.0755255464
2343146.837120386
2342781.5920216287
2342416.3408271656
2342051.101948916
2341685.859569345
2341320.612331064
2340955.371456876
2340590.1278186687
2340224.8870678814
2339859.6464687907
2339494.4009973546
2339129.164262701
2338763.925078115
2338398.6750324937
2338033.433655642
2337668.1919157677
2337302.951983497
2336937.7139827465
2336572.468749866
2336207.231036014
2335841.9904994015
2335476.7420450323
2335111.500148987
2334746.2569632726
2334381.0128767076
2334015.7666245205
2333650.518814702
2333285.2778887814
2332920.0397012564
2332554.79439795
2332189.554232594
2331824.315256929
2331459.0747674853
2331093.8351125782
2330728.593103147
2330363.3541792133
2329998.1140190596
2329632.864288272
2329267.619330325
2328902.3774779215
2328537.13580607
2328171.8921842943
2327806.648394033
2327441.406958225
2327076.1652988596
2326710.9205213375
2326345.6761161443
2325980.4376760437
2325615.1950564305
2325249.9489842216
2324884.7075433466
2324519.4675625507
2324154.2303730464
2323788.98817268
2323423.7453349805
2323058.50659175
2322693.265329698
2322328.020582528
2321962.777869678
2321597.536141218
2321232.2902614204
2320867.041546319
2320501.7943995297
2320136.552131275
2319771.314480593
2319406.0691750916
2319040.829899351
2318675.5920570814
2318310.3504278976
2317945.1107033677
2317579.8673055954
2317214.6280793347
2316849.38772571
2316484.1383815366
2316118.8962789406
2315753.6571833077
2315388.414014259
2315023.1710714144
2314657.925455819
2314292.6826808006
2313927.443084493
2313562.1955943564
2313196.953674993
2312831.716176845
2312466.4685366917
2312101.225010483
2311735.9814522043
2311370.740476938
2311005.506277172
2310640.260514826
2310275.02066617
2309909.785204805
2309544.540246601
2309179.2982675736
2308814.055662092
2308448.809675342
2308083.5678507686
2307718.3172384803
2307353.0714444746
2306987.836121131
2306622.590576544
2306257.3480708767
2305892.108187549
2305526.863381211
2305161.6279213773
